<?xml version="1.0"?>
<opencv_storage>
<calibration_time>"2021년 06월 30일 (수) 오후 10시 34분 24초"</calibration_time>
<nr_of_frames>8</nr_of_frames>
<image_width>1280</image_width>
<image_height>720</image_height>
<board_width>9</board_width>
<board_height>6</board_height>
<square_size>50.</square_size>
<fix_aspect_ratio>1.</fix_aspect_ratio>
<!-- flags: +fix_aspectRatio +fix_principal_point +zero_tangent_dist -->
<flags>14</flags>
<fisheye_model>0</fisheye_model>
<camera_matrix type_id="opencv-matrix">
  <rows>3</rows>
  <cols>3</cols>
  <dt>d</dt>
  <data>
    4.9202194020447860e+02 0. 640. 0. 4.9202194020447860e+02 360. 0. 0.
    1.</data></camera_matrix>
<distortion_coefficients type_id="opencv-matrix">
  <rows>5</rows>
  <cols>1</cols>
  <dt>d</dt>
  <data>
    -3.2351286691095799e-01 1.0868592705240288e-01 0. 0.
    -1.7181307581560720e-02</data></distortion_coefficients>
<avg_reprojection_error>2.0583043378433272e+00</avg_reprojection_error>
<per_view_reprojection_errors type_id="opencv-matrix">
  <rows>8</rows>
  <cols>1</cols>
  <dt>f</dt>
  <data>
    1.10316062e+00 2.77280831e+00 1.75657475e+00 1.13853109e+00
    2.55670595e+00 2.34448314e+00 2.45882034e+00 1.58951318e+00</data></per_view_reprojection_errors>
<!-- a set of 6-tuples (rotation vector + translation vector) for each view -->
<extrinsic_parameters type_id="opencv-matrix">
  <rows>8</rows>
  <cols>6</cols>
  <dt>d</dt>
  <data>
    2.9748859795681920e-01 4.7720803626956276e-01 5.9008797463495693e-03
    -3.9395419805445164e+02 -1.5350003158825234e+02
    4.7225981585830260e+02 1.7862017586015055e-01
    -1.6108996320514082e-01 1.9186529235303205e-02
    -3.1652952565699309e+02 -9.3548618311230570e+01
    2.3192147911915140e+02 1.8205748504938962e-01
    -5.3017114606380045e-01 -9.2458499513789223e-03
    -2.1973677662817832e+02 -6.7995157309181238e+01
    1.8562115246313428e+02 -1.9832750905588687e-02
    2.7800392350748659e-01 1.4553211974596093e-02
    -4.1822097732915472e+02 -1.6007315051146733e+02
    4.1359513543135546e+02 -1.9335466348391708e-01
    -2.1049967508045053e-01 6.5264477821906822e-02
    -2.8647049005870764e+02 -1.8087617006931001e+02
    2.4278861317023859e+02 -1.3781750991475664e-01
    -7.4691988542712062e-01 1.5393317129182460e-01
    -1.5973856805255403e+02 -1.9505302773857719e+02
    1.8134517286846469e+02 -4.5190049775329866e-01
    -3.0840941932100374e-01 7.3768334901198454e-02
    -2.5177701477382311e+02 -2.3358279546014225e+02
    2.9467144349827822e+02 -1.5083163117289815e-02
    -6.9526670303129867e-01 1.2587865331691267e-01
    -1.0437928821118703e+02 -1.3186606165240744e+02
    1.9562696826499598e+02</data></extrinsic_parameters>
<image_points type_id="opencv-matrix">
  <rows>8</rows>
  <cols>54</cols>
  <dt>"2f"</dt>
  <data>
    3.10230377e+02 2.30508743e+02 3.26496826e+02 2.25119583e+02
    3.46260651e+02 2.18667862e+02 3.69724274e+02 2.11619919e+02
    3.97800415e+02 2.03730026e+02 4.31542236e+02 1.95011505e+02
    4.72434296e+02 1.85265396e+02 5.19729736e+02 1.74840408e+02
    5.77419617e+02 1.64080811e+02 3.14395996e+02 2.71446869e+02
    3.30595215e+02 2.68639648e+02 3.50246124e+02 2.65589935e+02
    3.73599060e+02 2.62288361e+02 4.01695007e+02 2.58488586e+02
    4.35755554e+02 2.54261444e+02 4.76670258e+02 2.49517715e+02
    5.24529602e+02 2.45024857e+02 5.82513855e+02 2.40524307e+02
    3.20445068e+02 3.11918945e+02 3.37390289e+02 3.12104919e+02
    3.56821014e+02 3.12431915e+02 3.80322540e+02 3.12599915e+02
    4.08420715e+02 3.12923157e+02 4.42528290e+02 3.13336731e+02
    4.83377411e+02 3.13724365e+02 5.31424194e+02 3.15266266e+02
    5.89143677e+02 3.16715881e+02 3.27490326e+02 3.51771362e+02
    3.45360504e+02 3.54571594e+02 3.65339020e+02 3.58116608e+02
    3.89203094e+02 3.61620422e+02 4.17440155e+02 3.65804871e+02
    4.51464752e+02 3.70502106e+02 4.92160065e+02 3.75844391e+02
    5.39808289e+02 3.82397522e+02 5.96573547e+02 3.89418060e+02
    3.36196045e+02 3.90411682e+02 3.53695709e+02 3.95531555e+02
    3.74455353e+02 4.01634796e+02 3.99212189e+02 4.08231598e+02
    4.27686859e+02 4.15548126e+02 4.61575531e+02 4.23780853e+02
    5.01713654e+02 4.33266632e+02 5.49044373e+02 4.43421967e+02
    6.04420410e+02 4.54458374e+02 3.40926758e+02 4.25671112e+02
    3.63896149e+02 4.34520874e+02 3.85415039e+02 4.42658630e+02
    4.10499542e+02 4.51808716e+02 4.39132843e+02 4.61847900e+02
    4.72571228e+02 4.73198120e+02 5.12348022e+02 4.85244202e+02
    5.58462708e+02 4.97956360e+02 6.12163330e+02 5.10739868e+02
    2.04378250e+02 2.25535370e+02 2.47386520e+02 2.19305450e+02
    3.00800385e+02 2.13415756e+02 3.64734009e+02 2.08614624e+02
    4.38244812e+02 2.05574326e+02 5.18458679e+02 2.04736389e+02
    6.01950195e+02 2.06563034e+02 6.83607178e+02 2.10499695e+02
    7.59466919e+02 2.16372650e+02 2.02565887e+02 2.94332123e+02
    2.45415405e+02 2.92479218e+02 2.98348877e+02 2.90598328e+02
    3.61819092e+02 2.89309509e+02 4.35427979e+02 2.88461365e+02
    5.16030823e+02 2.88466034e+02 6.00115051e+02 2.89377930e+02
    6.82082825e+02 2.91308929e+02 7.57914673e+02 2.93560822e+02
    2.06908646e+02 3.62629913e+02 2.49871094e+02 3.64832703e+02
    3.02488495e+02 3.67412476e+02 3.65043701e+02 3.69427979e+02
    4.37429962e+02 3.70959625e+02 5.16809448e+02 3.71572418e+02
    5.99419250e+02 3.71617706e+02 6.79845520e+02 3.71409058e+02
    7.54647156e+02 3.70443481e+02 2.16572479e+02 4.28108063e+02
    2.60143433e+02 4.34237366e+02 3.11921387e+02 4.40038116e+02
    3.73532074e+02 4.45153015e+02 4.43945587e+02 4.48565247e+02
    5.20507446e+02 4.49795959e+02 6.00176392e+02 4.49330841e+02
    6.77660034e+02 4.46874115e+02 7.49705444e+02 4.43046539e+02
    2.29983582e+02 4.88685364e+02 2.73442963e+02 4.97532745e+02
    3.25199341e+02 5.05794525e+02 3.85477753e+02 5.12430359e+02
    4.53197083e+02 5.17321228e+02 5.25981506e+02 5.19132812e+02
    6.01526428e+02 5.18039429e+02 6.75399536e+02 5.14220764e+02
    7.44276794e+02 5.07779236e+02 2.46608200e+02 5.43434204e+02
    2.90384735e+02 5.53975464e+02 3.41271576e+02 5.63480530e+02
    3.99550323e+02 5.71178589e+02 4.63805084e+02 5.76562195e+02
    5.32669434e+02 5.78753113e+02 6.03588684e+02 5.77417297e+02
    6.72985596e+02 5.72256042e+02 7.37624634e+02 5.64221863e+02
    2.32276077e+02 2.28495468e+02 3.09327484e+02 2.24710815e+02
    3.94166229e+02 2.23819870e+02 4.80036530e+02 2.25533539e+02
    5.60602051e+02 2.29421188e+02 6.32308105e+02 2.34356049e+02
    6.94419922e+02 2.39613586e+02 7.47549866e+02 2.45275131e+02
    7.92633179e+02 2.50427139e+02 2.31880936e+02 3.22220947e+02
    3.08391846e+02 3.19189484e+02 3.92440002e+02 3.16377930e+02
    4.77770691e+02 3.13846130e+02 5.58363953e+02 3.12330109e+02
    6.29428894e+02 3.10897125e+02 6.91484192e+02 3.10366699e+02
    7.44747314e+02 3.10150696e+02 7.89486145e+02 3.10171326e+02
    2.41582916e+02 4.11828888e+02 3.15900360e+02 4.09468964e+02
    3.97142395e+02 4.05208160e+02 4.79654144e+02 3.99471222e+02
    5.57819031e+02 3.92938751e+02 6.27374939e+02 3.85839905e+02
    6.88323120e+02 3.79554993e+02 7.40622070e+02 3.73786072e+02
    7.84872986e+02 3.69052032e+02 2.58677917e+02 4.93257874e+02
    3.29580109e+02 4.91027710e+02 4.06415771e+02 4.85588593e+02
    4.84537903e+02 4.77546997e+02 5.58566956e+02 4.67362823e+02
    6.25378113e+02 4.56047943e+02 6.84560486e+02 4.44929901e+02
    7.35438416e+02 4.34700653e+02 7.79108948e+02 4.25522308e+02
    2.79645935e+02 5.63428650e+02 3.46948334e+02 5.61140564e+02
    4.18796143e+02 5.54962769e+02 4.91268433e+02 5.44494141e+02
    5.60613586e+02 5.32127197e+02 6.23739136e+02 5.18308838e+02
    6.80594666e+02 5.03901733e+02 7.29746643e+02 4.90457153e+02
    7.72258240e+02 4.77701599e+02 3.02945374e+02 6.21549805e+02
    3.66097656e+02 6.19174561e+02 4.32449768e+02 6.11762817e+02
    4.99313446e+02 6.00833374e+02 5.63386353e+02 5.87515259e+02
    6.22998962e+02 5.72378845e+02 6.76741028e+02 5.56229187e+02
    7.23860168e+02 5.40305237e+02 7.64343567e+02 5.24876099e+02
